128.829 36.4191 378.872
130.033 36.7122 378.006
130.622 37.0073 377.764
130.081 37.0141 378.82
131.15 37.9189 377.62
131.676 38.6866 377.123
131.568 39.1898 377.321
132.475 40.2375 376.164
133.956 41.431 374.618
132.726 41.6166 375.75
134.035 42.8329 374.378
135.367 44.0062 372.963
134.288 44.2758 373.921
135.738 45.6152 372.389
134.538 45.8432 373.568
136.307 47.2482 371.611
135.948 47.8507 371.831
137.063 49.0499 370.6
136.696 49.567 371.034
137.542 50.7102 369.922
138.16 51.7456 369.143
138.274 52.543 368.948
138.83 53.5727 368.259
139.058 54.3352 367.949
139.942 55.5302 366.855
139.924 56.2487 366.834
139.937 57.0604 366.753
140.441 58.0294 366.564
141.253 59.0921 366.22
141.915 59.9442 366.348
142.119 60.6796 366.986
142.879 61.5656 367.18
143.354 62.4551 367.454
143.902 63.2817 367.93
144.706 64.2923 368.045
145.24 65.1195 368.454
144.696 65.3306 370.287
144.124 65.6423 371.983
145.024 66.7715 371.849
145.289 67.5089 372.588
146.175 68.6043 372.582
146.582 69.4534 373.136
146.649 70.1901 373.978
147.137 71.1547 374.452
147.365 71.8869 375.177
148.078 72.9644 375.43
148.249 73.7596 376.167
148.798 74.7344 376.615
149.959 76.0347 376.469
149.81 76.6342 377.646
151.1 77.9986 377.4
152.996 79.687 376.753
153.878 80.8836 376.854
154.503 81.2034 376.961
154.789 80.9327 376.975
155.099 80.4648 376.772
154.808 79.6285 377.006
154.457 79.1236 377.217
154.234 78.8974 378.432
154.092 78.214 379.213
153.85 77.3761 379.867
154.217 76.6349 379.741
153.992 75.5623 379.915
153.393 74.3001 380.342
152.704 72.7983 380.325
152.355 71.498 380.168
152.085 70.0808 380.273
152.414 69.1991 379.969
152.109 68.0499 380.2
151.23 66.6925 380.764
151.137 65.6269 380.751
150.422 64.316 381.188
149.463 62.9088 381.918
149.551 62.2183 381.246
149.21 60.9388 381.51
148.699 59.746 381.828
147.887 58.4169 382.443
147.644 57.3288 382.464
147.804 56.7941 382.235
147.816 56.3708 382.178
148.029 56.1848 381.617
147.898 55.88 381.687
148.302 55.962 380.98
148.303 56.1311 380.715
148.477 56.3669 380.647
148.762 56.7207 380.416
148.853 57.0575 380.279
148.831 57.3456 380.317
149.524 58.098 379.544
149.033 58.3581 379.875
149.445 58.6482 379.515
149.379 58.8635 379.571
148.503 58.9252 380.33
149.318 59.5782 379.543
149.438 60.1468 379.328
149.829 60.5218 378.991
149.62 60.7622 379.152
